0 0.234814453125 0.1931764705882353 0.380859375 0.38636764705882354
0 0.173115234375 0.32219117647058826 0.346240234375 0.31016176470588236
0 0.225498046875 0.5474558823529412 0.301845703125 0.399735294117647
0 0.306728515625 0.7747352941176471 0.192646484375 0.4505294117647059
0 0.122509765625 0.8375735294117647 0.21662109375 0.32486764705882354
0 0.5308984375 0.15507352941176472 0.223720703125 0.31016176470588236
0 0.788037109375 0.2667058823529412 0.421962890625 0.3516029411764706
0 0.658740234375 0.7372941176470589 0.165126953125 0.5253970588235294
0 0.842509765625 0.7941176470588235 0.2574609375 0.4117647058823529
0 0.86 0.7179117647058824 0.280009765625 0.3796764705882353
0 0.749736328125 0.5173823529411765 0.22283203125 0.24064705882352938