0 0.46195652173913043 0.08090978593272172 0.39402173913043476 0.15672782874617738
0 0.8713722826086957 0.14080275229357797 0.257241847826087 0.26886085626911316
0 0.7144429347826088 0.10066513761467889 0.16077445652173913 0.20132262996941894
0 0.2864538043478261 0.4848394495412844 0.13813858695652173 0.23827981651376148
0 0.44157608695652173 0.5804051987767583 0.38949728260869565 0.1083103975535168
0 0.4234646739130435 0.666414373088685 0.46648097826086954 0.11213302752293577
0 0.2570244565217391 0.7339449541284404 0.264945652173913 0.1962308868501529
0 0.13474184782608695 0.48993119266055046 0.13813858695652173 0.2408256880733945
0 0.7887228260869565 0.4447018348623853 0.422554347826087 0.2981651376146789
0 0.7728668478260871 0.6160779816513762 0.45425271739130435 0.13379204892966362
0 0.7717391304347826 0.8224999999999999 0.45652173913043476 0.29944189602446486
0 0.04528532608695652 0.9313226299694191 0.09058423913043478 0.1373623853211009
0 0.21512228260869568 0.9453363914373089 0.21286684782608695 0.10932721712538226