0 0.20432380952380952 0.5474 0.38095238095238093 0.24025714285714286
0 0.20432380952380952 0.6526 0.3082285714285714 0.32857142857142857
0 0.44761904761904764 0.6129857142857142 0.16449523809523808 0.2831142857142857
0 0.8069333333333333 0.5766285714285714 0.37401904761904764 0.24155714285714286
0 0.6692571428571429 0.786357142857143 0.1922095238095238 0.3467571428571428
0 0.7212190476190476 0.3376571428571429 0.34459047619047617 0.14805714285714286
0 0.7831238095238094 0.2714285714285714 0.43377142857142853 0.16622857142857142
0 0.5238095238095238 0.21948571428571426 0.13333333333333333 0.38961428571428575
0 0.6632 0.17402857142857142 0.2632 0.09870000000000001
0 0.17489523809523808 0.3090857142857143 0.27359999999999995 0.14545714285714284
0 0.32207619047619046 0.37921428571428567 0.2909142857142857 0.12207142857142858
0 0.38180952380952377 0.19221428571428573 0.1818095238095238 0.27792857142857147