0 0.4330708661417323 0.8399115044247788 0.08053149606299212 0.32020648967551624
0 0.28901574803149604 0.66976401179941 0.27200787401574805 0.14348082595870207
0 0.055019685039370075 0.7502064896755162 0.08858267716535433 0.30168141592920356
0 0.2049015748031496 0.197787610619469 0.15031496062992125 0.29097345132743363
0 0.06622047244094488 0.2011209439528024 0.1145275590551181 0.2708554572271386
0 0.10468503937007874 0.3727433628318584 0.09484251968503937 0.22793510324483773
0 0.3990748031496063 0.35129793510324486 0.11811023622047244 0.38616519174041297
0 0.5502952755905512 0.32448377581120946 0.17179133858267714 0.2762241887905605
0 0.6321653543307086 0.5101769911504425 0.2818503937007874 0.21587020648967553
0 0.29840551181102365 0.8702064896755162 0.11005905511811023 0.2386725663716814
0 0.49124015748031497 0.90023598820059 0.0769488188976378 0.19952802359882005
0 0.5927952755905511 0.8667256637168141 0.16911417322834646 0.26654867256637166
0 0.6862992125984252 0.8432448377581121 0.2612795275590551 0.3134808259587021
0 0.8044094488188976 0.758259587020649 0.2290551181102362 0.1836873156342183
0 0.7708464566929133 0.646283185840708 0.14226377952755906 0.16091445427728612
0 0.28901574803149604 0.4941002949852507 0.2058070866141732 0.2614749262536873
0 0.2943897637795276 0.37678466076696165 0.18433070866141732 0.23330383480825959
0 0.17850393700787404 0.8447197640117995 0.12078740157480315 0.1635693215339233
0 0.8656889763779527 0.9196755162241887 0.1118503937007874 0.1606194690265487
0 0.8929921259842519 0.7160176991150442 0.0644291338582677 0.13943952802359882
0 0.9693110236220472 0.7756637168141592 0.06137795275590551 0.16761061946902656