0 0.5761946902654868 0.43700787401574803 0.33825958702064896 0.4619488188976378
0 0.23501474926253688 0.4658858267716535 0.42675516224188786 0.2493503937007874
0 0.282212389380531 0.6148228346456692 0.3756047197640118 0.15616141732283464
0 0.4582005899705015 0.7139173228346457 0.43265486725663715 0.25984251968503935
0 0.22026548672566373 0.7821456692913386 0.43265486725663715 0.11285433070866141
0 0.19371681415929204 0.8871456692913386 0.38740412979351035 0.14960629921259844
0 0.3215339233038348 0.9041929133858267 0.47000000000000003 0.19159448818897637
0 0.7640117994100295 0.8523622047244095 0.3284070796460177 0.2952755905511811
0 0.49949852507374637 0.9100984251968504 0.17699115044247787 0.17978346456692912
0 0.8480825958702065 0.5846456692913385 0.30383480825958703 0.1955314960629921
0 0.7935103244837758 0.4507874015748031 0.20256637168141595 0.2349015748031496