0 0.4110029498525074 0.1918860510805501 0.32250737463126844 0.38375245579567785
0 0.2173156342182891 0.19777996070726916 0.41495575221238934 0.39554027504911593
0 0.7576106194690265 0.21021611001964635 0.35103244837758113 0.4204322200392927
0 0.1592920353982301 0.43222003929273084 0.3185840707964602 0.1519253438113949
0 0.2556637168141593 0.645049115913556 0.49949852507374637 0.14277013752455797
0 0.7885840707964601 0.6371905697445972 0.361858407079646 0.2763654223968566
0 0.857905604719764 0.5199803536345776 0.28415929203539825 0.12049115913555992
0 0.6371681415929203 0.7852062868369352 0.1573156342182891 0.3523182711198429
0 0.13274336283185842 0.8402161100196464 0.23796460176991152 0.12966601178781925
0 0.1219174041297935 0.9518664047151277 0.2359882005899705 0.0962671905697446
0 0.3480825958702065 0.8100785854616895 0.13766961651917406 0.19514734774066797
0 0.2173156342182891 0.5468172888015717 0.41887905604719766 0.09823182711198428
0 0.8303834808259587 0.3601768172888016 0.3392330383480826 0.15455795677799608
0 0.8805309734513275 0.21546168958742634 0.23893805309734514 0.25801571709233795