0 0.45618852459016396 0.25960451977401133 0.1473360655737705 0.5003954802259887
0 0.605 0.38539548022598874 0.2771311475409836 0.29189265536723163
0 0.23809426229508196 0.598587570621469 0.37079918032786885 0.1694915254237288
0 0.2224795081967213 0.8292937853107345 0.35909836065573775 0.30536723163841806
0 0.4161885245901639 0.8057627118644068 0.1610040983606557 0.3416666666666667
0 0.6103688524590164 0.6624858757062148 0.14344262295081966 0.2946045197740113
0 0.7274590163934426 0.8665536723163841 0.24102459016393443 0.26689265536723167
0 0.7581967213114754 0.7095762711864406 0.34543032786885247 0.2784463276836158
0 0.8386065573770491 0.5959039548022599 0.32278688524590166 0.23675141242937853
0 0.32885245901639343 0.3194915254237288 0.21272540983606558 0.41296610169491527
0 0.25956967213114757 0.5219209039548023 0.2654098360655738 0.18562146892655365