0 0.5462962962962963 0.4993111111111111 0.2074074074074074 0.3125
0 0.34814814814814815 0.49722222222222223 0.28888888888888886 0.30277777777777776
0 0.22962962962962963 0.5291666666666667 0.3111111111111111 0.25277777777777777
0 0.1787111111111111 0.6965333333333333 0.3574074074074074 0.12361111111111112
0 0.4351851851851852 0.8993111111111111 0.3074074074074074 0.2013888888888889
0 0.654637037037037 0.8486111111111111 0.3537037037037037 0.3
0 0.7185185185185186 0.7277777777777777 0.4074074074074074 0.225
0 0.8890814814814815 0.8722222222222222 0.21888888888888888 0.16111111111111112
0 0.837037037037037 0.6305555555555555 0.32592592592592595 0.21944444444444444
0 0.8344444444444444 0.4847222222222222 0.32814814814814813 0.24444444444444444
0 0.8101925925925926 0.3875 0.37962962962962965 0.1
0 0.924074074074074 0.20833333333333334 0.15185185185185185 0.15555555555555556
0 0.9268592592592593 0.1 0.14629629629629629 0.2
0 0.3490814814814815 0.20208888888888887 0.29814814814814816 0.1986111111111111
0 0.5907407407407408 0.19722222222222222 0.2962962962962963 0.18888888888888888
0 0.7574074074074074 0.13542222222222222 0.3074074074074074 0.24027777777777778
0 0.34074074074074073 0.07083333333333333 0.35555555555555557 0.11666666666666667