0 0.4474041297935103 0.22593320235756384 0.19861356932153393 0.4518664047151277
0 0.7040412979351032 0.31237721021611004 0.48769911504424784 0.33137524557956777
0 0.7723598820058997 0.4977013752455796 0.4552507374631269 0.09430255402750491
0 0.1219174041297935 0.6732220039292731 0.24386430678466078 0.1912180746561886
0 0.15436578171091445 0.8156581532416504 0.30876106194690267 0.3687033398821218
0 0.32646017699115043 0.8379174852652259 0.14946902654867258 0.3241650294695481
0 0.5742477876106195 0.8405304518664047 0.18486725663716816 0.3189194499017682
0 0.8338348082595871 0.8323575638506877 0.32250737463126844 0.3208840864440079
0 0.17699115044247787 0.2049705304518664 0.3421828908554572 0.381139489194499
0 0.17404129793510326 0.3948919449901768 0.3480825958702065 0.20300589390962673
0 0.6519174041297935 0.13098231827111984 0.27728613569321536 0.20693516699410608