0 0.797 0.24933333333333332 0.406 0.16533333333333333
0 0.207 0.35 0.382 0.132
0 0.534 0.24466666666666667 0.164 0.252
0 0.44 0.13733333333333334 0.26 0.11466666666666667
0 0.258 0.284 0.368 0.11733333333333333
0 0.246 0.498 0.284 0.16666666666666666
0 0.218 0.6326666666666667 0.284 0.4093333333333333
0 0.606 0.6813333333333333 0.156 0.3546666666666667
0 0.793 0.6973333333333334 0.27 0.376
0 0.824 0.42 0.352 0.09866666666666667
0 0.762 0.5206666666666667 0.2 0.204
0 0.473 0.8533333333333334 0.126 0.25333333333333335