0 0.7899864130434782 0.25491847826086955 0.19021739130434784 0.18375000000000002
0 0.9044972826086957 0.48007246376811596 0.12033967391304347 0.1759873188405797
0 0.8288043478260869 0.11258152173913044 0.32997282608695655 0.12681159420289856
0 0.5240625 0.10416666666666667 0.20574728260869565 0.13846014492753625
0 0.3794701086956522 0.384963768115942 0.3552038043478261 0.14104166666666668
0 0.13296195652173912 0.1572192028985507 0.24262228260869564 0.24456521739130435
0 0.17953804347826086 0.5771195652173913 0.18051630434782612 0.1319836956521739
0 0.07182065217391305 0.7259329710144927 0.12422554347826088 0.1578713768115942
0 0.14654891304347825 0.7317572463768116 0.09510869565217392 0.15657608695652175
0 0.23292119565217392 0.7446920289855072 0.1358695652173913 0.14881340579710145
0 0.2494157608695652 0.8152173913043478 0.19991847826086956 0.08281702898550725
0 0.4192527173913043 0.6230615942028985 0.13975543478260868 0.07116847826086956
0 0.38626358695652174 0.5835960144927536 0.19797554347826088 0.07246376811594203
0 0.6958423913043478 0.6133514492753623 0.20380434782608695 0.10869565217391304
0 0.3930570652173913 0.5150090579710145 0.21544836956521737 0.10093297101449276
0 0.6182065217391305 0.4716576086956522 0.16110054347826086 0.14881340579710145
0 0.7036141304347826 0.5124184782608696 0.19991847826086956 0.1242210144927536
0 0.431875 0.9167934782608695 0.15721467391304347 0.1539855072463768
0 0.4182880434782609 0.8022735507246377 0.23486413043478263 0.10610507246376812
0 0.48039402173913043 0.7188134057971015 0.16498641304347827 0.14881340579710145
0 0.7492255434782608 0.7951630434782608 0.19021739130434784 0.07893115942028986
0 0.7288451086956521 0.8935054347826087 0.1378125 0.10480978260869564
0 0.8676222826086957 0.6094746376811594 0.15528532608695653 0.16304347826086957
0 0.7521331521739131 0.7278713768115942 0.23097826086956522 0.07893115942028986
0 0.9044972826086957 0.8197463768115942 0.09705163043478261 0.14881340579710145
0 0.839483695652174 0.953677536231884 0.18051630434782612 0.08281702898550725
0 0.4852445652173913 0.9497916666666666 0.18633152173913042 0.09834239130434783
0 0.25039402173913045 0.9464311594202898 0.283383152173913 0.10714673913043479
0 0.32414402173913043 0.25103260869565214 0.2911548913043478 0.24845108695652177
0 0.1708016304347826 0.43607789855072465 0.24067934782608694 0.16821557971014495
0 0.2911548913043478 0.03170289855072464 0.2717391304347826 0.06340579710144928
0 0.7938722826086956 0.40178442028985506 0.15915760869565218 0.08669384057971014