0 0.3773194444444445 0.7057265625 0.4861111111111111 0.0703125
0 0.3113472222222222 0.8997421875 0.307875 0.2005234375
0 0.7534722222222222 0.8932265625 0.25231944444444443 0.2135390625
0 0.8692083333333334 0.7806015625 0.26156944444444447 0.14974218749999998
0 0.8476805555555557 0.6881484375 0.30184722222222227 0.0690078125
0 0.8557916666666666 0.5768203125 0.28565277777777776 0.16666406250000002
0 0.7199027777777778 0.5358046875 0.11573611111111111 0.2330703125
0 0.5925972222222222 0.5169296875 0.10648611111111111 0.2473984375
0 0.5011527777777778 0.5794296875 0.1875 0.2473984375
0 0.3402777777777778 0.6165390625 0.32406944444444447 0.14453125
0 0.14004166666666668 0.845703125 0.19212500000000002 0.10286718749999998