0 0.7754583333333334 0.81640625 0.24537499999999998 0.3359375
0 0.8738472222222222 0.80078125 0.25231944444444443 0.3098984375
0 0.11343055555555556 0.8483046875 0.2222222222222222 0.2486953125
0 0.2604166666666667 0.3587265625 0.4976805555555555 0.29296875
0 0.7627361111111111 0.3274765625 0.3865694444444444 0.26953125
0 0.8912083333333333 0.603515625 0.2175972222222222 0.0794296875
0 0.9085694444444444 0.5403671875 0.18287499999999998 0.078125
0 0.2013888888888889 0.677734375 0.3981527777777778 0.12630468749999998
0 0.27315277777777774 0.11002343750000002 0.4074027777777778 0.2200546875
0 0.665513888888889 0.138671875 0.19212500000000002 0.2669296875
0 0.8518472222222223 0.150390625 0.25926388888888885 0.2799453125