0 0.24372282608695653 0.5619266055045872 0.24286684782608695 0.10958205912334353
0 0.343070652173913 0.6574923547400612 0.12228260869565218 0.2038735983690112
0 0.4670516304347826 0.6944444444444444 0.09850543478260869 0.2089704383282365
0 0.30740489130434784 0.4198572884811417 0.22758152173913043 0.19495412844036697
0 0.4186548913043478 0.41093781855249745 0.10360054347826086 0.20259938837920488
0 0.5553668478260869 0.43450560652395515 0.22078804347826086 0.20132517838939856
0 0.6368885869565217 0.5689398572884812 0.29891304347826086 0.12614678899082568
0 0.8636277173913044 0.33958205912334355 0.24626358695652173 0.2917940876656473
0 0.1469157608695652 0.21151885830784914 0.20210597826086957 0.22426095820591233
0 0.25051630434782607 0.12869520897043832 0.18851902173913043 0.2038735983690112
0 0.33883152173913045 0.08792048929663608 0.2632472826086957 0.17584097859327216
0 0.681046195652174 0.09174311926605505 0.2513586956521739 0.16819571865443425
0 0.1469157608695652 0.7982976554536187 0.07982336956521739 0.11850152905198777
0 0.22164402173913042 0.7893781855249745 0.11039402173913043 0.14143730886850153
0 0.08067934782608696 0.8664627930682977 0.16134510869565216 0.06116207951070336
0 0.09596467391304347 0.9446992864424058 0.15794836956521738 0.11060142711518858
0 0.26664402173913043 0.9320897043832823 0.12907608695652173 0.1210499490316004
0 0.3048641304347826 0.803394495412844 0.1409646739130435 0.08792048929663608
0 0.32014945652173915 0.8492660550458716 0.18851902173913043 0.039500509683995925
0 0.4517663043478261 0.9478899082568807 0.09171195652173914 0.10423037716615698
0 0.6003804347826087 0.9517125382262996 0.16134510869565216 0.09658511722731906
0 0.510366847826087 0.8473496432212029 0.17832880434782608 0.10958205912334353
0 0.6114130434782609 0.8212334352701325 0.15964673913043478 0.18476044852191642
0 0.73625 0.9523445463812437 0.09341032608695653 0.09531090723751275
0 0.8644701086956522 0.6625891946992865 0.21739130434782608 0.10958205912334353
0 0.8950407608695652 0.5549235474006116 0.20720108695652173 0.13379204892966362
0 0.9672282608695653 0.8078491335372069 0.06283967391304347 0.09938837920489296