0 0.6388888888888888 0.5690078125 0.30093055555555553 0.14322656250000002
0 0.3506944444444444 0.3587265625 0.19676388888888888 0.2174453125
0 0.6377361111111112 0.42513281249999996 0.3819444444444444 0.0690078125
0 0.660875 0.49935156249999996 0.3680555555555556 0.0794296875
0 0.15856944444444446 0.5475234375 0.317125 0.10286718749999998
0 0.2013888888888889 0.490234375 0.25926388888888885 0.0638046875
0 0.151625 0.3821640625 0.30323611111111115 0.14713281250000002
0 0.553236111111111 0.3372421875 0.27315277777777774 0.19010156250000002
0 0.4363472222222222 0.19661718749999998 0.3819444444444444 0.15885156250000002
0 0.6990694444444444 0.2669296875 0.06944444444444445 0.2291640625
0 0.08218055555555556 0.7428359375 0.16434722222222223 0.06640625
0 0.11343055555555556 0.8431015625 0.18055555555555555 0.17057031250000002
0 0.10301388888888889 0.6399765625 0.2060138888888889 0.13150781250000002
0 0.3773194444444445 0.6158828125 0.16204166666666667 0.18228906250000002
0 0.4027777777777778 0.7415390625 0.27315277777777774 0.14453125
0 0.9333333333333333 0.43814843750000004 0.13055555555555556 0.0768203125
0 0.5763888888888888 0.0481796875 0.4490694444444444 0.09375
0 0.9039305555555556 0.052734375 0.19212500000000002 0.10546875
0 0.7939861111111111 0.228515625 0.16666666666666666 0.14713281250000002
0 0.0625 0.9524765625 0.120375 0.0950546875
0 0.7511527777777778 0.705078125 0.2708333333333333 0.10025781250000002
0 0.8472222222222222 0.8443984375 0.17593055555555556 0.0924453125
0 0.5243055555555556 0.9114609375 0.14120833333333332 0.109375
0 0.696763888888889 0.814453125 0.1342638888888889 0.0611953125
0 0.7592638888888888 0.890625 0.16204166666666667 0.0859375
0 0.8958333333333334 0.7721328125 0.07406944444444444 0.13802343749999998
0 0.9108750000000001 0.5690078125 0.09027777777777778 0.11458593749999998