0 0.6006944444444444 0.2454453125 0.5115694444444444 0.49088281250000004
0 0.13194444444444445 0.12369531250000002 0.2638888888888889 0.2473984375
0 0.3402777777777778 0.6197890625 0.10184722222222221 0.11978906250000002
0 0.2534722222222222 0.47265625 0.2847222222222222 0.14583593749999998
0 0.11226388888888889 0.5162734375 0.22454166666666664 0.0690078125
0 0.09027777777777778 0.62109375 0.18055555555555555 0.140625
0 0.22916666666666666 0.658203125 0.08795833333333333 0.16275781250000002
0 0.4537083333333334 0.59765625 0.19444444444444445 0.125
0 0.3298611111111111 0.7135390625 0.12268055555555556 0.11458593749999998
0 0.5162083333333334 0.6920546875 0.129625 0.0638046875
0 0.8044027777777777 0.640625 0.23843055555555553 0.10677343749999998
0 0.8090277777777778 0.5598984375 0.16898611111111111 0.11197656250000002
0 0.8738472222222222 0.525390625 0.18287499999999998 0.11588281250000002