0 0.48777173913043476 0.23573369565217392 0.09782608695652174 0.3953804347826087
0 0.6120923913043478 0.30570652173913043 0.22146739130434784 0.3342391304347826
0 0.782608695652174 0.43070652173913043 0.37228260869565216 0.1793478260869565
0 0.798233695652174 0.6807065217391305 0.40353260869565216 0.26902173913043476
0 0.1949728260869565 0.5101902173913043 0.31929347826086957 0.12635869565217392
0 0.23573369565217392 0.6277173913043478 0.21331521739130435 0.16847826086956522
0 0.26834239130434784 0.34035326086956524 0.264945652173913 0.22418478260869565
0 0.390625 0.2669836956521739 0.12907608695652173 0.30027173913043476
0 0.08831521739130435 0.8362771739130435 0.1766304347826087 0.327445652173913
0 0.32065217391304346 0.9402173913043478 0.3967391304347826 0.11684782608695653
0 0.5570652173913043 0.7792119565217391 0.16304347826086957 0.36277173913043476