0 0.709486111111111 0.14322656250000002 0.23843055555555553 0.18489843749999998
0 0.5057916666666666 0.15299218750000002 0.3541666666666667 0.10286718749999998
0 0.27315277777777774 0.2252578125 0.2314861111111111 0.15885156250000002
0 0.30670833333333336 0.376953125 0.3819444444444444 0.17057031250000002
0 0.4259305555555556 0.8391953125 0.3472222222222222 0.2825546875
0 0.17708333333333334 0.8177109375 0.27545833333333336 0.3411484375
0 0.5486111111111112 0.9459609375 0.3055555555555556 0.10546875
0 0.7210694444444444 0.8170546875 0.19212500000000002 0.2096328125
0 0.8680555555555556 0.5279921875 0.2638888888888889 0.0690078125
0 0.6805555555555556 0.42642968750000004 0.28704166666666664 0.2018203125
0 0.8368055555555556 0.3567734375 0.3263888888888889 0.1328125
0 0.8622638888888889 0.2649765625 0.27545833333333336 0.12630468749999998
0 0.9212916666666667 0.12369531250000002 0.15740277777777778 0.109375
0 0.4270833333333333 0.0423203125 0.22454166666666664 0.0846328125
0 0.09722222222222222 0.0533828125 0.18055555555555555 0.10677343749999998
0 0.07754166666666666 0.17317968749999998 0.13656944444444444 0.0755234375
0 0.05323611111111111 0.40234375 0.10648611111111111 0.171875
0 0.25809722222222226 0.5377578125 0.19212500000000002 0.14322656250000002
0 0.3055555555555556 0.7135390625 0.16204166666666667 0.2630234375
0 0.5763888888888888 0.6321640625 0.129625 0.14192968749999998
0 0.4664305555555555 0.578125 0.2708333333333333 0.0963515625
0 0.8622638888888889 0.6217421875 0.2662083333333333 0.0924453125