0 0.09341032608695653 0.22553516819571864 0.18682065217391305 0.34658511722731905
0 0.17918478260869564 0.2108868501529052 0.2564538043478261 0.386085626911315
0 0.39572010869565216 0.22808358817533128 0.18682065217391305 0.3669724770642202
0 0.5358423913043479 0.4134862385321101 0.460258152173913 0.1720183486238532
0 0.6929347826086957 0.7269418960244648 0.6114130434782609 0.21788990825688073
0 0.12144021739130434 0.8250560652395514 0.23267663043478262 0.3427624872579001
0 0.2530570652173913 0.8440366972477065 0.44157608695652173 0.3119266055045872
0 0.7072010869565217 0.8938634046890928 0.5855978260869565 0.1975025484199796
0 0.8125 0.29498470948012234 0.375 0.5899592252803262
0 0.5409375 0.19367991845056065 0.5485733695652174 0.19877675840978593
0 0.3116576086956522 0.6460244648318043 0.09680706521739131 0.1707441386340469