0 0.5127361111111112 0.49283593750000004 0.1875 0.3268203125
0 0.7106527777777778 0.40755468749999996 0.5231527777777778 0.2317734375
0 0.5185138888888888 0.13932031250000002 0.2222222222222222 0.2786484375
0 0.20948611111111112 0.14322656250000002 0.4189861111111111 0.2578125
0 0.13194444444444445 0.427734375 0.2638888888888889 0.2513046875
0 0.18287499999999998 0.5462265625 0.2916666666666667 0.3216171875
0 0.7673611111111112 0.6861953125 0.18287499999999998 0.13021093749999998
0 0.6238472222222222 0.7408828125 0.14583333333333334 0.171875
0 0.07870833333333334 0.9388046875 0.14351388888888889 0.12239843749999998
0 0.11805555555555555 0.8671875 0.2222222222222222 0.11458593749999998
0 0.1111111111111111 0.7330703125 0.21295833333333336 0.09375
0 0.4895833333333333 0.8483046875 0.13194444444444445 0.06640625
0 0.8893472222222223 0.0872421875 0.2185138888888889 0.14583593749999998