0 0.7549320652173913 0.8389398572884812 0.31759510869565216 0.3221202854230377
0 0.7770108695652174 0.5644750254841998 0.37533967391304346 0.19877675840978593
0 0.4517663043478261 0.8581855249745158 0.2751358695652174 0.25101936799184504
0 0.33883152173913045 0.640927624872579 0.20889945652173914 0.2089704383282365
0 0.5417798913043478 0.4013761467889908 0.281929347826087 0.18603465851172274
0 0.8203125 0.4446992864424057 0.2105978260869565 0.2089704383282365
0 0.8933423913043478 0.11914373088685015 0.20040760869565216 0.23827726809378186
0 0.5672554347826086 0.11085626911314984 0.3226902173913043 0.2217125382262997
0 0.7226630434782608 0.1083078491335372 0.18512228260869565 0.2166156982670744
0 0.6003804347826087 0.3039041794087666 0.2904211956521739 0.11085626911314984
0 0.25900815217391304 0.14780835881753313 0.28702445652173914 0.28797145769622834
0 0.10360054347826086 0.20451580020387358 0.20720108695652173 0.23827726809378186
0 0.14436141304347827 0.7868297655453619 0.15625 0.11595310907237513
0 0.08067934782608696 0.5893272171253823 0.1171875 0.0700815494393476