0 0.75 0.908203125 0.3287083333333333 0.18359375
0 0.28356944444444443 0.8515625 0.567125 0.296875
0 0.2974583333333333 0.9108046875 0.22916666666666666 0.17838281250000002
0 0.2326388888888889 0.8626328125 0.25231944444444443 0.11849218749999998
0 0.24190277777777777 0.5572890625 0.4837916666666666 0.1015625
0 0.4178194444444444 0.6009140625 0.1875 0.17057031250000002
0 0.567125 0.6549453125 0.125 0.15885156250000002
0 0.7175972222222222 0.490234375 0.32406944444444447 0.37890625
0 0.8928194444444445 0.3678359375 0.21156944444444445 0.2408828125
0 0.7858750000000001 0.09765625 0.4282361111111111 0.15885156250000002
0 0.16434722222222223 0.41732031249999996 0.2824027777777778 0.14713281250000002
0 0.8518472222222223 0.8307265625 0.2962916666666667 0.10677343749999998
0 0.4340277777777778 0.41666406250000004 0.15045833333333333 0.15103906250000002