0 0.4004583333333333 0.45703125 0.5740694444444444 0.19271093749999998
0 0.7881944444444444 0.5234375 0.2013888888888889 0.2109375
0 0.9259305555555555 0.5755234375 0.14815277777777777 0.2942734375
0 0.6435138888888888 0.880859375 0.125 0.0794296875
0 0.5289305555555556 0.751953125 0.4143472222222222 0.12630468749999998
0 0.8044027777777777 0.8938828125 0.07176388888888889 0.0950546875
0 0.11805555555555555 0.904296875 0.15740277777777778 0.15494531250000002
0 0.18981944444444443 0.822265625 0.24537499999999998 0.10807031250000002
0 0.1469861111111111 0.666015625 0.2708333333333333 0.23828125
0 0.3715277777777778 0.2766953125 0.6365694444444444 0.15234375
0 0.6261527777777778 0.12825781249999998 0.6180555555555556 0.2565078125
0 0.11690277777777779 0.44400781250000004 0.23379166666666668 0.0677109375
0 0.07059722222222221 0.5358046875 0.14120833333333332 0.12630468749999998