0 0.8657361111111112 0.5234375 0.17129166666666668 0.2005234375
0 0.7453749999999999 0.44986718750000004 0.2685138888888889 0.10286718749999998
0 0.3981527777777778 0.7727890625 0.2685138888888889 0.10546875
0 0.5080972222222222 0.3424453125 0.23379166666666668 0.0859375
0 0.4270833333333333 0.544921875 0.22454166666666664 0.08984375
0 0.5277777777777778 0.21875 0.1388888888888889 0.14583593749999998
0 0.1469861111111111 0.44140625 0.16434722222222223 0.11978906250000002
0 0.3981527777777778 0.44791406250000004 0.120375 0.10416406250000002
0 0.5023194444444444 0.41927343749999996 0.19444444444444445 0.11197656250000002
0 0.12615277777777778 0.220703125 0.15509722222222222 0.2174453125
0 0.2777777777777778 0.19921875 0.2222222222222222 0.14583593749999998
0 0.4294027777777778 0.10091406249999998 0.3726805555555555 0.11328125
0 0.8680555555555556 0.3268203125 0.15740277777777778 0.1484375
0 0.9039305555555556 0.685546875 0.11343055555555556 0.11328125
0 0.3194444444444444 0.931640625 0.16666666666666666 0.10286718749999998
0 0.7488472222222222 0.6106796875 0.2569444444444444 0.0911484375
0 0.042819444444444445 0.6360703125 0.08565277777777779 0.11067968749999998
0 0.11805555555555555 0.8040390625 0.09259722222222222 0.11588281250000002