0 0.8627717391304348 0.5338939857288482 0.2547554347826087 0.25229357798165136
0 0.6131114130434783 0.5300713557594292 0.343070652173913 0.2038735983690112
0 0.2539130434782609 0.9174311926605505 0.13417119565217392 0.10448521916411825
0 0.19361413043478262 0.835249745158002 0.24116847826086957 0.0828236493374108
0 0.47384510869565216 0.8116717635066258 0.20380434782608695 0.09938837920489296
0 0.5273505434782608 0.9467380224260958 0.2734375 0.09683995922528033
0 0.9118614130434782 0.8868501529051988 0.17629076086956522 0.1019367991845056
0 0.7404891304347826 0.7186544342507645 0.22078804347826086 0.13506625891946994
0 0.8024864130434782 0.3007135575942915 0.3515625 0.10448521916411825
0 0.7872010869565217 0.3720693170234455 0.40251358695652173 0.12232415902140673
0 0.9568614130434783 0.23190621814475026 0.08627717391304347 0.2777777777777778
0 0.8865489130434783 0.2809683995922528 0.12228260869565218 0.17456676860346584
0 0.9161005434782609 0.06625891946992865 0.16779891304347827 0.1325178389398573
0 0.18427989130434783 0.36634046890927624 0.3685461956521739 0.4880224260958206
0 0.3643070652173913 0.2911620795107034 0.4194972826086957 0.0828236493374108
0 0.2844836956521739 0.14972477064220183 0.25985054347826086 0.23063200815494395
0 0.2734375 0.03377166156982671 0.47214673913043476 0.06753312945973497
0 0.12483695652173912 0.7052803261977574 0.20889945652173914 0.11850152905198777
0 0.12993206521739128 0.959480122324159 0.1953125 0.05606523955147808
0 0.2912771739130435 0.735861365953109 0.10699728260869565 0.13379204892966362
0 0.4398777173913043 0.7027319062181447 0.24796195652173914 0.13634046890927626