0 0.3358074074074074 0.30277499999999996 0.1678962962962963 0.11389166666666665
0 0.37160000000000004 0.41944166666666666 0.2 0.102775
0 0.2790074074074074 0.4944416666666667 0.18765925925925928 0.16110833333333335
0 0.21851851851851853 0.6729166666666667 0.18025185185185186 0.10972499999999999
0 0.4839555555555556 0.6729166666666667 0.16296296296296298 0.059725
0 0.4358074074074074 0.7513916666666667 0.1259259259259259 0.10833333333333334
0 0.5296296296296297 0.83125 0.21481481481481482 0.12360833333333335
0 0.7925925925925926 0.8791666666666667 0.2419703703703704 0.13055833333333333
0 0.7098814814814816 0.746525 0.2493777777777778 0.12639166666666665
0 0.6148148148148148 0.521525 0.23703703703703705 0.15139166666666665
0 0.5765481481481481 0.43264166666666665 0.22962962962962963 0.10416666666666667
0 0.6592592592592592 0.31527499999999997 0.2469185185185185 0.14166666666666666
0 0.8567851851851852 0.3423583333333333 0.26666666666666666 0.13472499999999998
0 0.897525925925926 0.49097499999999994 0.20493333333333336 0.14860833333333334
0 0.6938222222222222 0.13819166666666668 0.19752592592592594 0.2375
0 0.8506222222222222 0.12708333333333333 0.20988148148148147 0.22639166666666669
0 0.9061777777777777 0.07708333333333334 0.18765925925925928 0.15416666666666667
0 0.4827111111111111 0.07916666666666666 0.28888888888888886 0.1444416666666667
0 0.2790074074074074 0.147225 0.29136296296296293 0.1444416666666667
0 0.10863703703703703 0.32430833333333337 0.20247407407407406 0.15694166666666667
0 0.05678518518518518 0.172225 0.08395555555555556 0.13333333333333333