0 0.41440217391304346 0.4364220183486239 0.18342391304347827 0.26376146788990823
0 0.5417798913043478 0.3172782874617737 0.3328804347826087 0.1656472986748216
0 0.38552989130434784 0.12169215086646279 0.28532608695652173 0.24337410805300713
0 0.1520108695652174 0.12169215086646279 0.30061141304347827 0.24337410805300713
0 0.11124999999999999 0.20769622833843018 0.22248641304347827 0.13761467889908258
0 0.12313858695652173 0.37079510703363916 0.24626358695652173 0.1834862385321101
0 0.19021739130434784 0.6778797145769623 0.19361413043478262 0.13761467889908258
0 0.27004076086956524 0.7651681957186545 0.23777173913043478 0.029306829765545363
0 0.27089673913043477 0.8435270132517839 0.20889945652173914 0.127420998980632
0 0.16304347826086957 0.9090214067278287 0.09850543478260869 0.1819571865443425
0 0.33797554347826086 0.608440366972477 0.16304347826086957 0.029306829765545363
0 0.32778532608695654 0.6842507645259939 0.1800271739130435 0.12996941896024464
0 0.4857336956521739 0.6957186544342507 0.10190217391304347 0.14271151885830785
0 0.5604619565217391 0.648572884811417 0.15964673913043478 0.11977573904179409
0 0.6411413043478261 0.5829561671763507 0.2190896739130435 0.07517838939857288
0 0.7863451086956522 0.6982670744138634 0.10529891304347826 0.2650356778797146
0 0.6691576086956522 0.47782874617737003 0.25815217391304346 0.12232415902140673
0 0.7379483695652174 0.4198572884811417 0.1409646739130435 0.20514780835881755
0 0.8109782608695653 0.41539245667686037 0.10699728260869565 0.2471967380224261
0 0.9077853260869565 0.4198572884811417 0.17832880434782608 0.13634046890927626
0 0.9161005434782609 0.5281651376146789 0.16779891304347827 0.09046890927624873