0 0.4008152173913043 0.6453924566768603 0.18682065217391305 0.26376146788990823
0 0.14945652173913043 0.22999999999999998 0.18682065217391305 0.3121814475025484
0 0.2632472826086957 0.24656472986748215 0.11888586956521739 0.3147298674821611
0 0.6326494565217391 0.45616717635066256 0.11039402173913043 0.16055045871559634
0 0.7413451086956522 0.4829255861365953 0.16474184782608695 0.14271151885830785
0 0.8517391304347826 0.5632008154943935 0.27004076086956524 0.10958205912334353
0 0.5426358695652174 0.46827726809378184 0.1715353260869565 0.07262996941896024
0 0.5570652173913043 0.5912334352701325 0.18342391304347827 0.10448521916411825
0 0.571508152173913 0.6415698267074413 0.10360054347826086 0.16182466870540266
0 0.6487771739130435 0.6823445463812436 0.050951086956521736 0.16946992864424057
0 0.6776494565217391 0.8167686034658511 0.15625 0.15545361875637104
0 0.6216032608695652 0.9136085626911316 0.16304347826086957 0.058613659531090725
0 0.6937907608695653 0.9510703363914373 0.10699728260869565 0.09785932721712538
0 0.5935869565217391 0.8690112130479103 0.1171875 0.06116207951070336
0 0.5850951086956522 0.8231396534148828 0.09680706521739131 0.06116207951070336
0 0.5918885869565217 0.9638124362895005 0.07302989130434782 0.07237512742099898
0 0.07726902173913043 0.6963608562691131 0.15455163043478262 0.30198776758409784
0 0.1706929347826087 0.4963098878695209 0.18851902173913043 0.15417940876656472
0 0.4084646739130435 0.3121814475025484 0.26664402173913043 0.1707441386340469
0 0.48063858695652173 0.36314984709480125 0.3226902173913043 0.11722731906218145
0 0.39741847826086957 0.44024464831804283 0.2105978260869565 0.06243628950050968
0 0.47130434782608693 0.5307135575942915 0.3923233695652174 0.18476044852191642