0 0.27893055555555557 0.6354140625 0.3912083333333334 0.11978906250000002
0 0.4189861111111111 0.578125 0.2314861111111111 0.19010156250000002
0 0.3055555555555556 0.8040390625 0.4074027777777778 0.18619531250000002
0 0.5902777777777778 0.8431015625 0.28704166666666664 0.2591171875
0 0.8460694444444444 0.7643203125 0.307875 0.12239843749999998
0 0.8638888888888889 0.6640625 0.26944444444444443 0.0598984375
0 0.7580972222222223 0.5501328125 0.432875 0.20703125
0 0.7407361111111112 0.20703125 0.5185138888888888 0.2734375
0 0.7881944444444444 0.111328125 0.4236111111111111 0.2122421875
0 0.27198611111111115 0.3763046875 0.18287499999999998 0.3828125
0 0.11458333333333333 0.2916640625 0.22916666666666666 0.2473984375
0 0.11458333333333333 0.49153906249999996 0.22916666666666666 0.0924453125
0 0.0625 0.716796875 0.1111111111111111 0.2356796875
0 0.21875 0.9348984375 0.25231944444444443 0.13021093749999998
0 0.40625 0.302734375 0.09027777777777778 0.2096328125