0 0.4814945652173913 0.24783893985728847 0.2564538043478261 0.47782874617737003
0 0.7557744565217391 0.297533129459735 0.4857336956521739 0.45744138634046894
0 0.8203125 0.42940876656472987 0.35665760869565216 0.3007135575942915
0 0.8558152173913044 0.655586136595311 0.288383152173913 0.09046890927624873
0 0.795516304347826 0.8027522935779816 0.40896739130434784 0.2038735983690112
0 0.18258152173913042 0.5154230377166157 0.36514945652173914 0.21024464831804282
0 0.21994565217391304 0.3179204892966361 0.39572010869565216 0.350407747196738
0 0.2751358695652174 0.2172579001019368 0.32608695652173914 0.42176350662589196
0 0.34646739130434784 0.9002344546381243 0.21739130434782608 0.10066258919469928
0 0.30740489130434784 0.949164118246687 0.18682065217391305 0.10168195718654434
0 0.2641032608695652 0.7587971457696229 0.24286684782608695 0.13124362895005096