0 0.22715555555555558 0.6895833333333333 0.1827111111111111 0.359725
0 0.5382666666666667 0.5763916666666666 0.2419703703703704 0.25555833333333333
0 0.45062222222222226 0.740275 0.3037037037037037 0.25277499999999997
0 0.4950666666666667 0.9375 0.1358074074074074 0.125
0 0.9098814814814814 0.8326416666666666 0.18025185185185186 0.334725
0 0.7037037037037037 0.10139166666666667 0.5925925925925926 0.18055833333333332
0 0.29382222222222226 0.24166666666666667 0.2567851851851852 0.23055833333333334
0 0.6481481481481481 0.28402499999999997 0.38765925925925926 0.140275
0 0.754325925925926 0.4486083333333334 0.44691851851851855 0.13889166666666666
0 0.8597481481481483 0.4791666666666667 0.27752592592592595 0.275
0 0.1321037037037037 0.934725 0.19011851851851855 0.11944166666666668
0 0.10617777777777777 0.23125 0.1925925925925926 0.19860833333333333
0 0.1 0.44514166666666666 0.2 0.08194166666666666