0 0.27545833333333336 0.53125 0.35184722222222226 0.17447656250000002
0 0.151625 0.26953125 0.2708333333333333 0.2291640625
0 0.3020833333333333 0.3834609375 0.3773194444444445 0.10546875
0 0.8159722222222222 0.3880234375 0.3680555555555556 0.15625
0 0.4502361111111111 0.71875 0.26156944444444447 0.1484375
0 0.3587916666666666 0.9498671875 0.2361111111111111 0.0690078125
0 0.10416666666666667 0.9153671875 0.20833333333333334 0.16927343749999998
0 0.10531944444444444 0.7591171875 0.2013888888888889 0.1640625
0 0.8599583333333333 0.9225234375 0.2800972222222222 0.15494531250000002
0 0.8506944444444444 0.7955703125 0.2986111111111111 0.0677109375
0 0.8125 0.5904921875 0.2916666666666667 0.17317968749999998
0 0.4872638888888889 0.5748671875 0.2708333333333333 0.10286718749999998
0 0.6435138888888888 0.5240859375 0.30093055555555553 0.16536718749999998
0 0.5080972222222222 0.8046875 0.14120833333333332 0.0625