0 0.28135048231511256 0.662109375 0.0857395498392283 0.2747421875
0 0.2170418006430868 0.5983046875 0.33226688102893887 0.22265625
0 0.5895016077170419 0.6223984375 0.13934083601286174 0.1640625
0 0.7181189710610932 0.6178359375 0.28938906752411575 0.19921875
0 0.8094855305466238 0.41015625 0.38102893890675243 0.0807265625
0 0.8242282958199356 0.580078125 0.3515594855305466 0.2669296875
0 0.8965755627009646 0.25390625 0.20686495176848874 0.078125
0 0.6042282958199356 0.2975234375 0.1527331189710611 0.2018203125
0 0.7234726688102894 0.291015625 0.13934083601286174 0.11328125
0 0.43943729903536977 0.228515625 0.1607717041800643 0.18619531250000002
0 0.8159163987138264 0.0963515625 0.23311897106109325 0.19271093749999998
0 0.8751286173633441 0.18619531250000002 0.24972668810289392 0.0598984375
0 0.9340836012861736 0.11849218749999998 0.13183279742765272 0.0703125
0 0.12995176848874598 0.46353906250000004 0.22776527331189708 0.1875
0 0.1540675241157556 0.2623671875 0.20631832797427654 0.13671875
0 0.3483440514469453 0.39453125 0.32689710610932476 0.15625