0 0.4322044728434505 0.7041007194244605 0.26979233226837057 0.3583693045563549
0 0.4952076677316294 0.7787050359712231 0.16329073482428114 0.36105515587529974
0 0.6216773162939297 0.7880335731414868 0.07011182108626199 0.31841726618705035
0 0.49210862619808304 0.4889448441247002 0.24228434504792332 0.11458033573141486
0 0.45217252396166135 0.3703597122302158 0.2476038338658147 0.1385611510791367
0 0.6744728434504793 0.24980815347721824 0.15619808306709265 0.40366906474820147
0 0.8044888178913738 0.3550599520383693 0.27246006389776356 0.23314148681055155
0 0.8586261980830671 0.5835251798561152 0.2706709265175719 0.21050359712230216
0 0.7472523961661341 0.5848681055155875 0.15619808306709265 0.1811990407673861
0 0.7805271565495208 0.7813669064748201 0.14287539936102236 0.2517985611510791
0 0.8834824281150159 0.8100239808153477 0.19436102236421726 0.3623741007194245
0 0.5369169329073482 0.193189448441247 0.2413897763578275 0.3223980815347722
0 0.6704792332268371 0.5915347721822541 0.08253993610223642 0.22115107913669063