0 0.15880434782608696 0.8295107033639144 0.08661684782608696 0.3007135575942915
0 0.3804347826086957 0.7435066258919469 0.2921195652173913 0.18476044852191642
0 0.40251358695652173 0.5912334352701325 0.32608695652173914 0.0764525993883792
0 0.2250407608695652 0.48037716615698267 0.28702445652173914 0.21151885830784914
0 0.06539402173913043 0.560020387359837 0.13077445652173914 0.1720183486238532
0 0.42544836956521737 0.12232415902140673 0.399116847826087 0.23955147808358818
0 0.73625 0.10448521916411825 0.4466711956521739 0.2089704383282365
0 0.842391304347826 0.21853211009174311 0.3125 0.15927624872579002
0 0.8753396739130435 0.3281141692150866 0.24932065217391305 0.13634046890927626
0 0.8712635869565217 0.44916411824668706 0.2513586956521739 0.22043832823649337
0 0.6037771739130434 0.7466870540265036 0.10699728260869565 0.15035677879714576
0 0.4313858695652174 0.49821610601427113 0.23097826086956522 0.3211009174311927
0 0.2641032608695652 0.8562691131498471 0.12398097826086957 0.23700305810397554
0 0.38808423913043477 0.2981651376146789 0.304008152173913 0.13761467889908258