0 0.5173611111111112 0.8333359375 0.553236111111111 0.2682265625
0 0.535875 0.6653671875 0.5254583333333334 0.1015625
0 0.6226805555555556 0.6165390625 0.3611111111111111 0.10546875
0 0.6261527777777778 0.5266953125 0.3773194444444445 0.2122421875
0 0.8731527777777777 0.5182265625 0.25093055555555555 0.2213515625
0 0.8946805555555555 0.6848984375 0.21065277777777777 0.13541406250000002
0 0.5370416666666666 0.30078125 0.370375 0.2239609375
0 0.6666666666666666 0.3470078125 0.17593055555555556 0.2044296875
0 0.8344861111111112 0.333984375 0.22916666666666666 0.2903671875
0 0.3865694444444444 0.17642968750000002 0.4259305555555556 0.13671875
0 0.20833333333333334 0.0716171875 0.3472222222222222 0.14322656250000002
0 0.692125 0.072265625 0.615736111111111 0.11849218749999998
0 0.17940277777777777 0.5013046875 0.2800972222222222 0.11978906250000002
0 0.07291666666666667 0.5735703125 0.11343055555555556 0.17578125