0 0.6819021739130434 0.4510703363914373 0.1749320652173913 0.2777777777777778
0 0.6428396739130434 0.5141488277268094 0.13417119565217392 0.29689092762487257
0 0.43224184782608693 0.4689092762487258 0.10020380434782608 0.2777777777777778
0 0.3413722826086957 0.3688888888888889 0.18342391304347827 0.22043832823649337
0 0.25730978260869564 0.512874617737003 0.10699728260869565 0.14398572884811417
0 0.18342391304347827 0.41284403669724773 0.20380434782608695 0.1401630988786952
0 0.23267663043478262 0.26567787971457696 0.4517663043478261 0.09811416921508664
0 0.3252445652173913 0.10130479102956166 0.20210597826086957 0.20259938837920488
0 0.18342391304347827 0.14780835881753313 0.14945652173913043 0.2701325178389399
0 0.8237092391304348 0.12296636085626911 0.3498641304347826 0.20005096839959224
0 0.8712635869565217 0.3147298674821611 0.234375 0.290519877675841