0 0.22106944444444443 0.13346093750000002 0.3402777777777778 0.2669296875
0 0.5601805555555556 0.10091406249999998 0.2962916666666667 0.2018203125
0 0.8599583333333333 0.12630468749999998 0.2800972222222222 0.0703125
0 0.7939861111111111 0.046875 0.2638888888888889 0.09375
0 0.8669027777777777 0.2181015625 0.2662083333333333 0.11328125
0 0.8240694444444445 0.2727890625 0.31481944444444443 0.16275781250000002
0 0.4259305555555556 0.3014296875 0.254625 0.17838281250000002
0 0.1527777777777778 0.40885156250000004 0.2962916666666667 0.11978906250000002
0 0.1597222222222222 0.5703125 0.22684722222222223 0.2083359375
0 0.4143472222222222 0.49935156249999996 0.16204166666666667 0.11067968749999998
0 0.5416666666666666 0.6184921875 0.25926388888888885 0.2005234375
0 0.7395833333333334 0.833984375 0.10879166666666666 0.12890625
0 0.5740694444444444 0.7975234375 0.129625 0.13411718749999998
0 0.7291666666666666 0.7239609375 0.09722222222222222 0.1328125
0 0.9201388888888888 0.5572890625 0.1597222222222222 0.13021093749999998
0 0.9201388888888888 0.43228906250000004 0.1597222222222222 0.0677109375
0 0.589125 0.47005468749999996 0.1597222222222222 0.0807265625
0 0.4791666666666667 0.41341406249999996 0.3194444444444444 0.05859375
0 0.04513888888888889 0.208984375 0.09027777777777778 0.11328125
0 0.09143055555555556 0.3118515625 0.16434722222222223 0.05859375