0 0.1342638888888889 0.8235703125 0.25926388888888885 0.3372421875
0 0.2199027777777778 0.611328125 0.2638888888888889 0.2044296875
0 0.5069444444444444 0.7213515625 0.18981944444444443 0.2578125
0 0.6319444444444444 0.6334609375 0.20370833333333332 0.2486953125
0 0.7199027777777778 0.5716171875 0.2361111111111111 0.17447656250000002
0 0.375 0.255859375 0.21295833333333336 0.27734375
0 0.4930555555555556 0.2669296875 0.129625 0.2369765625
0 0.625 0.3424453125 0.25926388888888885 0.16146093749999998
0 0.6712916666666666 0.44596093750000004 0.2638888888888889 0.10286718749999998
0 0.8333333333333334 0.49283593750000004 0.2962916666666667 0.17838281250000002
0 0.84375 0.3893203125 0.25231944444444443 0.1171875
0 0.8430555555555556 0.2682265625 0.3111111111111111 0.11458593749999998
0 0.9294027777777777 0.3697890625 0.11343055555555556 0.16146093749999998