0 0.3485813630041725 0.24934391534391534 0.21383866481223923 0.1865079365079365
0 0.41812239221140474 0.421957671957672 0.2381780250347705 0.14285714285714285
0 0.32771905424200276 0.5046349206349207 0.15125173852573018 0.15476190476190477
0 0.2312239221140473 0.5291005291005291 0.09388038942976357 0.17724867724867724
0 0.6241307371349096 0.5443174603174603 0.11126564673157163 0.16005291005291006
0 0.6893324061196106 0.5324126984126984 0.19645340751043117 0.15476190476190477
0 0.4920027816411683 0.6527830687830688 0.19123783031988872 0.09126984126984126
0 0.4972183588317107 0.7301587301587301 0.17037552155771907 0.17724867724867724
0 0.6893324061196106 0.75 0.09214186369958276 0.164021164021164
0 0.6771627260083449 0.8968253968253969 0.15125173852573018 0.10846560846560846
0 0.7953824756606398 0.9113756613756614 0.1825452016689847 0.12698412698412698
0 0.8903059805285118 0.9517248677248678 0.2194019471488178 0.09656084656084656
0 0.6519471488178025 0.9556931216931217 0.11474269819193324 0.0701058201058201
0 0.8544923504867872 0.2526455026455027 0.1790681502086231 0.17989417989417988
0 0.793643949930459 0.13426455026455025 0.30424200278164115 0.14682539682539683
0 0.9339360222531293 0.3326772486772487 0.12934631432545202 0.26851851851851855
0 0.2972878998609179 0.8287089947089947 0.1564673157162726 0.09656084656084656
0 0.19645340751043117 0.7586031746031746 0.2121001390820584 0.12301587301587301
0 0.21383866481223923 0.9398201058201058 0.1043115438108484 0.12037037037037036
0 0.4129068150208623 0.9708994708994709 0.1338664812239221 0.0582010582010582