0 0.5825407608695652 0.6925382262996942 0.07472826086956522 0.2561162079510703
0 0.6657608695652174 0.8448012232415902 0.234375 0.09174311926605505
0 0.4288451086956522 0.867737003058104 0.22927989130434784 0.16819571865443425
0 0.42289402173913043 0.5542813455657493 0.3226902173913043 0.11722731906218145
0 0.2836277173913043 0.41858307849133536 0.20040760869565216 0.25866462793068296
0 0.40421195652173914 0.35232415902140674 0.21739130434782608 0.2535677879714577
0 0.8133559782608696 0.10640163098878695 0.3733016304347826 0.21279306829765546
0 0.8583559782608695 0.2854230377166157 0.28328804347826086 0.09429153924566769
0 0.8566576086956522 0.4275025484199796 0.2866847826086957 0.17456676860346584
0 0.8889266304347826 0.5740366972477065 0.22214673913043478 0.13124362895005096
0 0.7319972826086957 0.6740570846075433 0.12907608695652173 0.23955147808358818
0 0.7235054347826086 0.95361875637105 0.3226902173913043 0.09276248725790011
0 0.15370923913043477 0.41411824668705405 0.11379076086956522 0.18603465851172274
0 0.47130434782608693 0.09493374108053007 0.46365489130434784 0.18476044852191642