0 0.14815277777777777 0.7903671875 0.2314861111111111 0.0520859375
0 0.3506944444444444 0.8372421875 0.12731944444444446 0.15885156250000002
0 0.8240694444444445 0.685546875 0.1527777777777778 0.17578125
0 0.7164305555555556 0.5618515625 0.2060138888888889 0.0559921875
0 0.9282361111111112 0.46939843750000004 0.11573611111111111 0.12630468749999998
0 0.7731527777777777 0.42708593749999996 0.2916666666666667 0.13541406250000002
0 0.4363472222222222 0.44791406250000004 0.2569444444444444 0.16666406250000002
0 0.3842638888888889 0.3678359375 0.31018055555555557 0.11588281250000002
0 0.5416666666666666 0.2428359375 0.17129166666666668 0.17057031250000002
0 0.6898194444444444 0.2298203125 0.2685138888888889 0.15494531250000002
0 0.8159722222222222 0.3151015625 0.27545833333333336 0.10677343749999998
0 0.3680555555555556 0.5989609375 0.18518055555555557 0.0729140625
0 0.4085694444444445 0.6868515625 0.15509722222222222 0.12890625
0 0.5462916666666666 0.7005234375 0.05555555555555555 0.171875
0 0.4675972222222222 0.55859375 0.09259722222222222 0.0703125