0 0.5740694444444444 0.638671875 0.2314861111111111 0.3111953125
0 0.7638888888888888 0.8079453125 0.4722222222222222 0.0924453125
0 0.7835694444444444 0.91796875 0.3819444444444444 0.1640625
0 0.5787083333333334 0.921875 0.20370833333333332 0.15625
0 0.21065277777777777 0.6868515625 0.3842638888888889 0.16275781250000002
0 0.11343055555555556 0.3268203125 0.2175972222222222 0.43228906250000004
0 0.2685138888888889 0.515625 0.33795833333333336 0.2239609375
0 0.3946805555555556 0.3639296875 0.4560138888888889 0.14974218749999998
0 0.3726805555555555 0.2337265625 0.495375 0.12630468749999998
0 0.4675972222222222 0.08984375 0.629625 0.1796875
0 0.8321805555555555 0.30078125 0.33565277777777774 0.2239609375
0 0.7557916666666666 0.470703125 0.3726805555555555 0.12630468749999998
0 0.9194444444444444 0.6438828125 0.15833333333333333 0.3580703125
0 0.8060138888888889 0.10807031250000002 0.3851805555555555 0.2161484375