0 0.30093055555555553 0.419921875 0.3472222222222222 0.15755468749999998
0 0.24537499999999998 0.48763281249999996 0.4120416666666667 0.11588281250000002
0 0.4849583333333334 0.3763046875 0.16898611111111111 0.2161484375
0 0.3113472222222222 0.6178359375 0.2939861111111111 0.16796875
0 0.32176388888888885 0.6614609375 0.1527777777777778 0.0755234375
0 0.2939861111111111 0.7063828125 0.15740277777777778 0.08203125
0 0.7870416666666666 0.5540390625 0.2361111111111111 0.14192968749999998
0 0.6539305555555556 0.5970078125 0.14120833333333332 0.10025781250000002
0 0.3935138888888889 0.19140625 0.7129583333333334 0.13802343749999998
0 0.5613472222222222 0.0651015625 0.4837916666666666 0.12760156250000002
0 0.8738472222222222 0.0533828125 0.16434722222222223 0.1015625