0 0.6258559782608696 0.5224260958205912 0.11039402173913043 0.23190621814475026
0 0.4186548913043478 0.7486034658511723 0.15115489130434784 0.1388888888888889
0 0.1409646739130435 0.6651376146788991 0.26834239130434784 0.0891946992864424
0 0.4186548913043478 0.6065239551478083 0.19191576086956522 0.17584097859327216
0 0.22164402173913042 0.581039755351682 0.2564538043478261 0.11977573904179409
0 0.18512228260869565 0.7759938837920489 0.19021739130434784 0.1325178389398573
0 0.2929755434782609 0.40456676860346585 0.15455163043478262 0.19240570846075433
0 0.16559782608695653 0.4370540265035678 0.07642663043478261 0.191131498470948
0 0.06283967391304347 0.290519877675841 0.12567934782608695 0.09938837920489296
0 0.08407608695652175 0.16756371049949031 0.16134510869565216 0.20514780835881755
0 0.20380434782608695 0.14908256880733944 0.14945652173913043 0.22680937818552496
0 0.30570652173913043 0.22808358817533128 0.18342391304347827 0.1834862385321101
0 0.499320652173913 0.33384301732925586 0.28532608695652173 0.0891946992864424
0 0.7167119565217391 0.4733741080530071 0.10869565217391304 0.18730886850152906
0 0.5774456521739131 0.23254841997961265 0.2513586956521739 0.21024464831804282
0 0.7753125 0.1643730886850153 0.17832880434782608 0.3160040774719674
0 0.8746603260869565 0.1917737003058104 0.24456521739130435 0.31982670744138636
0 0.890625 0.39755351681957185 0.21875 0.10448521916411825
0 0.8982744565217391 0.5116004077471967 0.2034646739130435 0.23827726809378186