0 0.6971875 0.8002717391304348 0.2496603260869565 0.37228260869565216
0 0.8252445652173913 0.6589673913043478 0.34952445652173914 0.32608695652173914
0 0.8379755434782609 0.532608695652174 0.32404891304347827 0.20652173913043478
0 0.8260869565217391 0.3763586956521739 0.34782608695652173 0.19293478260869565
0 0.5783016304347826 0.1453804347826087 0.23267663043478262 0.2907608695652174
0 0.7421875 0.21535869565217391 0.32608695652173914 0.10733695652173914
0 0.7099184782608695 0.30842391304347827 0.27853260869565216 0.07608695652173914
0 0.3719429347826087 0.14402173913043478 0.281929347826087 0.28804347826086957
0 0.16389945652173912 0.18139130434782608 0.32778532608695654 0.3491847826086957
0 0.14350543478260872 0.49184782608695654 0.2734375 0.19021739130434784
0 0.12058423913043478 0.7377717391304348 0.24116847826086957 0.33695652173913043
0 0.42375 0.8641304347826086 0.12058423913043478 0.22282608695652173
0 0.5400815217391305 0.7710652173913043 0.1324728260869565 0.30570652173913043
0 0.5664130434782608 0.916445652173913 0.2836277173913043 0.1671195652173913