0 0.5798611111111112 0.5364609375 0.5439861111111112 0.1015625
0 0.6134305555555556 0.41080468750000004 0.370375 0.2174453125
0 0.7800972222222222 0.30078125 0.17129166666666668 0.375
0 0.6330972222222222 0.703125 0.5115694444444444 0.2630234375
0 0.4259305555555556 0.8990859375 0.5740694444444444 0.16275781250000002
0 0.6238472222222222 0.7897109375 0.4837916666666666 0.26171875
0 0.25 0.2005234375 0.3333333333333333 0.2838515625
0 0.4340277777777778 0.18880468749999998 0.5763888888888888 0.3046875
0 0.6006944444444444 0.064453125 0.7986111111111112 0.12890625
0 0.2534722222222222 0.72265625 0.4467638888888889 0.2109375
0 0.1701388888888889 0.9622421875 0.2800972222222222 0.0755234375