0 0.14834 0.22617124394184168 0.29334 0.4415670436187399
0 0.36084 0.20193861066235863 0.21834 0.40387722132471726
0 0.50084 0.12184168012924071 0.13834 0.24366720516962845
0 0.7966599999999999 0.17636510500807756 0.40666 0.32848142164781907
0 0.645 0.2517447495961228 0.25666 0.25040387722132473
0 0.78834 0.6421647819063004 0.41 0.33117932148626816
0 0.74084 0.4886914378029079 0.28166 0.22617124394184168
0 0.85 0.43820678513731826 0.3 0.1844426494345719
0 0.23166 0.5573505654281099 0.42 0.23155088852988692
0 0.32833999999999997 0.6287075928917609 0.23 0.27193861066235864
0 0.26583999999999997 0.8702261712439417 0.245 0.2595638126009693
0 0.13334000000000001 0.9375282714054928 0.15 0.12492730210016155
0 0.315 0.9476252019386108 0.10334 0.10473344103392568
0 0.1875 0.8380452342487884 0.145 0.08211631663974152