0 0.1840277777777778 0.0677109375 0.3541666666666667 0.13541406250000002
0 0.09722222222222222 0.19596093750000002 0.19444444444444445 0.16536718749999998
0 0.5381944444444444 0.2102890625 0.3819444444444444 0.10807031250000002
0 0.692125 0.1015625 0.19906944444444447 0.2005234375
0 0.5625 0.13932031250000002 0.20833333333333334 0.1484375
0 0.8518472222222223 0.095703125 0.2777777777777778 0.18619531250000002
0 0.7384305555555555 0.251953125 0.16204166666666667 0.0950546875
0 0.7453749999999999 0.31640625 0.254625 0.16146093749999998
0 0.8761527777777778 0.251953125 0.24768055555555557 0.14713281250000002
0 0.33565277777777774 0.5416640625 0.1527777777777778 0.12239843749999998
0 0.24073611111111112 0.5833359375 0.2175972222222222 0.109375
0 0.2511527777777778 0.705078125 0.07176388888888889 0.13150781250000002
0 0.3611111111111111 0.6959609375 0.15740277777777778 0.12109375
0 0.4814861111111111 0.5943984375 0.22684722222222223 0.0690078125
0 0.4803194444444444 0.6686171875 0.2013888888888889 0.12890625
0 0.7673611111111112 0.45442968749999996 0.2199027777777778 0.0651015625
0 0.8587916666666667 0.423828125 0.16204166666666667 0.10286718749999998
0 0.9143472222222223 0.46744531250000004 0.125 0.0859375
0 0.7951388888888888 0.53515625 0.12268055555555556 0.0755234375
0 0.9166666666666666 0.5260390625 0.16666666666666666 0.109375
0 0.8773194444444444 0.6432265625 0.18518055555555557 0.0911484375
0 0.9294027777777777 0.68359375 0.12731944444444446 0.109375
0 0.65625 0.9368515625 0.09027777777777778 0.10546875
0 0.7083333333333334 0.7825546875 0.19906944444444447 0.0859375
0 0.7986111111111112 0.8522109375 0.18518055555555557 0.0794296875
0 0.8703749999999999 0.7766953125 0.20833333333333334 0.0950546875
0 0.9166666666666666 0.869140625 0.16666666666666666 0.14974218749999998