0 0.7384305555555555 0.3450546875 0.254625 0.2760390625
0 0.8842638888888888 0.18814843750000002 0.2314861111111111 0.11067968749999998
0 0.2685138888888889 0.0787734375 0.3842638888888889 0.13932031250000002
0 0.2939861111111111 0.2415390625 0.375 0.15234375
0 0.3113472222222222 0.3561171875 0.28934722222222226 0.19400781250000002
0 0.6990694444444444 0.7760390625 0.3657361111111111 0.14322656250000002
0 0.8576388888888888 0.8860703125 0.17823611111111112 0.2278671875
0 0.7893472222222223 0.5423203125 0.2638888888888889 0.19661718749999998
0 0.9178194444444445 0.5423203125 0.09490277777777778 0.20703125
0 0.6794027777777778 0.7044296875 0.432875 0.0885390625
0 0.53125 0.5690078125 0.14583333333333334 0.18228906250000002
0 0.3807916666666667 0.8528671875 0.12268055555555556 0.2552109375
0 0.07870833333333334 0.654296875 0.15740277777777778 0.07421875
0 0.125 0.595703125 0.15740277777777778 0.0455703125
0 0.22916666666666666 0.486328125 0.16666666666666666 0.05859375