0 0.39572010869565216 0.3606014271151886 0.22078804347826086 0.1580020387359837
0 0.33373641304347823 0.456809378185525 0.15455163043478262 0.20005096839959224
0 0.10529891304347826 0.2408256880733945 0.2105978260869565 0.1019367991845056
0 0.09680706521739131 0.3351172273190622 0.19361413043478262 0.10958205912334353
0 0.19277173913043477 0.17456676860346584 0.19870923913043478 0.1707441386340469
0 0.3294836956521739 0.222986748216106 0.18342391304347827 0.16055045871559634
0 0.3897826086956522 0.24529051987767583 0.22248641304347827 0.07517838939857288
0 0.19361413043478262 0.4740061162079511 0.11548913043478261 0.17584097859327216
0 0.26919836956521737 0.8212334352701325 0.1375679347826087 0.12614678899082568
0 0.33967391304347827 0.7167482161060142 0.15625 0.10575942915392457
0 0.43563858695652175 0.7435066258919469 0.15115489130434784 0.08027522935779817
0 0.3999728260869565 0.8148623853211009 0.13417119565217392 0.12359836901121304
0 0.3829891304347826 0.8932212028542303 0.08661684782608696 0.14780835881753313
0 0.4797961956521739 0.8040265035677879 0.10360054347826086 0.1019367991845056
0 0.5876358695652174 0.8097655453618756 0.09850543478260869 0.27650356778797147
0 0.6683152173913044 0.8053007135575942 0.11379076086956522 0.21916411824668705
0 0.49592391304347827 0.644750254841998 0.234375 0.06625891946992865
0 0.6402853260869565 0.5587461773700306 0.2105978260869565 0.10321100917431193
0 0.7387907608695652 0.5370846075433231 0.12907608695652173 0.11085626911314984
0 0.8558152173913044 0.6587665647298675 0.288383152173913 0.13761467889908258
0 0.8271059782608695 0.7600713557594292 0.23097826086956522 0.18221202854230378
0 0.9162771739130434 0.5319877675840978 0.15115489130434784 0.10321100917431193
0 0.92375 0.42176350662589196 0.15251358695652173 0.0891946992864424
0 0.9417527173913044 0.8339755351681957 0.11379076086956522 0.10066258919469928
0 0.9485461956521739 0.9040570846075433 0.10020380434782608 0.06243628950050968
0 0.25730978260869564 0.9212538226299695 0.06963315217391304 0.10958205912334353
0 0.06283967391304347 0.44788990825688074 0.12228260869565218 0.11850152905198777