0 0.6504583333333334 0.8717421875 0.120375 0.2018203125
0 0.5914305555555556 0.828125 0.1736111111111111 0.16666406250000002
0 0.5544027777777778 0.7923203125 0.2708333333333333 0.16015625
0 0.7673611111111112 0.6009140625 0.4282361111111111 0.16275781250000002
0 0.8807916666666666 0.810546875 0.2152777777777778 0.16275781250000002
0 0.9178194444444445 0.7005234375 0.16434722222222223 0.09375
0 0.567125 0.6770859375 0.2824027777777778 0.109375
0 0.2638888888888889 0.876953125 0.24073611111111112 0.15494531250000002
0 0.27545833333333336 0.16471093750000002 0.2175972222222222 0.3294296875
0 0.06365277777777778 0.2239609375 0.10879166666666666 0.2630234375
0 0.5868055555555556 0.3033828125 0.696763888888889 0.1328125
0 0.4745416666666667 0.18685156249999998 0.5277777777777778 0.11588281250000002
0 0.2488472222222222 0.6516953125 0.2013888888888889 0.30078125
0 0.4363472222222222 0.5481796875 0.3310138888888889 0.2213515625
0 0.08565277777777779 0.8932265625 0.11573611111111111 0.18228906250000002