0 0.3575714285714286 0.6811224489795918 0.36989795918367346 0.31887755102040816
0 0.35714285714285715 0.8144183673469387 0.2942176870748299 0.3711734693877551
0 0.4872448979591837 0.8329081632653061 0.17006802721088435 0.33418367346938777
0 0.6177755102040816 0.8520408163265306 0.11479591836734694 0.29591836734693877
0 0.7585034013605442 0.8718163265306123 0.15136054421768708 0.25637755102040816
0 0.8460884353741497 0.7653061224489796 0.3078231292517007 0.45408163265306123
0 0.8222789115646258 0.43048979591836734 0.3554421768707483 0.2767857142857143
0 0.8537414965986394 0.17091836734693877 0.282312925170068 0.27040816326530615
0 0.5812108843537415 0.20918367346938777 0.16751700680272108 0.41836734693877553
0 0.336734693877551 0.31505102040816324 0.41496598639455784 0.29336734693877553
0 0.49829931972789115 0.1556122448979592 0.17857142857142858 0.3010204081632653