0 0.518859649122807 0.6730263157894737 0.17456140350877192 0.4723684210526316
0 0.3030701754385965 0.7947368421052632 0.16578947368421051 0.4105263157894737
0 0.21228070175438596 0.5980263157894737 0.3368421052631579 0.30394736842105263
0 0.2771929824561403 0.42105263157894735 0.2578947368421053 0.15789473684210525
0 0.4232456140350877 0.20657894736842106 0.13771929824561405 0.4131578947368421
0 0.6140350877192983 0.26513157894736844 0.2754385964912281 0.26710526315789473
0 0.7473684210526316 0.7276315789473684 0.34210526315789475 0.4236842105263158
0 0.6495614035087719 0.9223684210526316 0.2692982456140351 0.15526315789473685
0 0.35964912280701755 0.9401315789473684 0.16666666666666666 0.11973684210526316
0 0.7964912280701755 0.41842105263157897 0.19298245614035087 0.3684210526315789
0 0.8837719298245614 0.4276315789473684 0.1850877192982456 0.1368421052631579